{
 "cells": [
  {
   "cell_type": "code",
   "execution_count": 117,
   "metadata": {},
   "outputs": [],
   "source": [
    "import io\n",
    "from PIL import Image\n",
    "import json\n",
    "import cv2\n",
    "import numpy as np\n",
    "import requests\n",
    "import requests\n",
    "\n",
    "class Receipt:\n",
    "    def __init__(self,image):\n",
    "        self.data = ''\n",
    "        self.im_file = image\n",
    "        self.words = ''\n",
    "        #Send image to memory\n",
    "        self.im = Image.open(self.im_file)\n",
    "\n",
    "#Request function \n",
    "\n",
    "    def ocr_space_file(self,filename, overlay=False, api_key='helloworld', language='eng'):\n",
    "        \"\"\" OCR.space API request with local file.\n",
    "            Python3.5 - not tested on 2.7\n",
    "        :param filename: Your file path & name.\n",
    "        :param overlay: Is OCR.space overlay required in your response.\n",
    "                        Defaults to False.\n",
    "        :param api_key: OCR.space API key.\n",
    "                        Defaults to 'helloworld'.\n",
    "        :param language: Language code to be used in OCR.\n",
    "                        List of available language codes can be found on https://ocr.space/OCRAPI\n",
    "                        Defaults to 'en'.\n",
    "        :return: Result in JSON format.\n",
    "        \"\"\"\n",
    "\n",
    "        payload = {'isOverlayRequired': overlay,\n",
    "                'apikey': api_key,\n",
    "                'language': language,\n",
    "                }\n",
    "        with open(filename, 'rb') as f:\n",
    "            r = requests.post('https://api.ocr.space/parse/image',\n",
    "                            files={filename: f},\n",
    "                            data=payload,\n",
    "                            )\n",
    "        return r.content.decode()\n",
    "    \n",
    "    def make_request(self):\n",
    "        raw_data  = self.ocr_space_file(self.im_file,overlay=True,api_key='K89127144588957',language='eng')\n",
    "        self.data = json.loads(raw_data)\n",
    "\n",
    "    #Print data\n",
    "\n",
    "    def print_data(self):\n",
    "        print(self.data)\n",
    "\n",
    "    #Print Keys\n",
    "\n",
    "    def print_keys(self):\n",
    "        print(self.data.keys())\n",
    "\n",
    "    #Text overlay (get only the text and coordinates, but no the final details)\n",
    "    \n",
    "    def get_text_overlay(self):\n",
    "        text_overlay = self.data.get('ParsedResults')[0].get('TextOverlay')\n",
    "        return text_overlay\n",
    "\n",
    "    #Returns only the strings the API found\n",
    "\n",
    "    def get_parsed_text(self):\n",
    "        parsed_text = self.data.get('ParsedResults')[0].get('ParsedText')\n",
    "        return parsed_text\n",
    "    \n",
    "    #Get lines and coordinates based on an index from data\n",
    "\n",
    "    def get_line_and_coordinate(self,i):\n",
    "        lines_coordinate = self.get_text_overlay().get('Lines')\n",
    "        return lines_coordinate\n",
    "    \n",
    "    #Get only the string from line based on an index\n",
    "\n",
    "    def get_line(self,i):\n",
    "        line = self.get_line_and_coordinate(i)[i].get('LineText')\n",
    "        return line\n",
    "    \n",
    "    #Set words\n",
    "\n",
    "    def set_words(self,i):\n",
    "        self.words = self.get_words(i)\n",
    "\n",
    "    #Get words (word and coordinate)\n",
    "\n",
    "    def get_words(self,i):\n",
    "        word = self.get_line_and_coordinate(i)[i].get('Words')\n",
    "        return word\n",
    "\n",
    "                #Get coordinates main funcion\n",
    "                #Since the values are given as a distance from te edge of the picture to the word, the coordinates were calculated with max point as min and min as max)\n",
    "\n",
    "    def find_highest_point(self):\n",
    "        highest = 0\n",
    "        for words in self.words:\n",
    "            highest_point = words['Height']\n",
    "            if highest_point > highest:\n",
    "                highest = highest_point\n",
    "        return highest\n",
    "    def find_max_point(self):\n",
    "        im = cv2.imread(self.im_file)\n",
    "        max = im.shape[0]\n",
    "        for words in self.words:\n",
    "            max_point = words['Top']\n",
    "            if max_point < max:\n",
    "                max=max_point\n",
    "        return max\n",
    "    def find_min_point(self):\n",
    "        highest_point_word = self.find_highest_point()\n",
    "        min = 0\n",
    "        for words in self.words:\n",
    "            min_point = words['Top']\n",
    "            if min_point > min:\n",
    "                min=min_point\n",
    "        return min+highest_point_word\n",
    "\n",
    "        #This is the function we will use to get the coordinates of the text in the image\n",
    "    def get_coordinates(self):\n",
    "        max_word_point = self.find_max_point()\n",
    "        min_word_point = self.find_min_point()\n",
    "        first_word = self.words[0]\n",
    "        last_word = self.words[-1]\n",
    "        x1,y1 = first_word['Left'], max_word_point\n",
    "        x2,y2 = last_word['Left'] + last_word['Width'],max_word_point\n",
    "        x3,y3 = first_word['Left'], min_word_point\n",
    "        x4,y4 = last_word['Left'] + last_word['Width'], min_word_point\n",
    "        return [[x1,y1],[x2,y2],[x3,y3],[x4,y4]]\n",
    "    \n",
    "#Draw bounding boxed based on the words set. We will probably need a for loop that iterates n times to draw n boxes   \n",
    "\n",
    "    def draw_bounding_box(self):\n",
    "        coordinates = self.get_coordinates()\n",
    "        x1_left = coordinates[0][0]\n",
    "        y1_left = coordinates[0][1]\n",
    "        x4_right = coordinates[-1][0]\n",
    "        y4_right = coordinates[-1][1]\n",
    "        start_point = (int(x1_left),int(y1_left))\n",
    "        end_point = (int(x4_right),int(y4_right))\n",
    "        self.image = cv2.imread(self.im_file)\n",
    "        cv2.rectangle(self.image,start_point,end_point,color=(0,255,0),thickness=2)\n",
    "        cv2.imwrite('Receipts/second_with_bounding_forth.jpg',self.image)\n",
    "    \n",
    "\n",
    "\n"
   ]
  },
  {
   "cell_type": "code",
   "execution_count": 118,
   "metadata": {},
   "outputs": [],
   "source": [
    "receipt = Receipt('Receipts/second.jpg')\n",
    "receipt.make_request()\n",
    "\n"
   ]
  },
  {
   "cell_type": "code",
   "execution_count": 119,
   "metadata": {},
   "outputs": [
    {
     "data": {
      "text/plain": [
       "'Jalan Kasuarina 1,'"
      ]
     },
     "execution_count": 119,
     "metadata": {},
     "output_type": "execute_result"
    }
   ],
   "source": [
    "receipt.set_words(4)\n",
    "receipt.get_line(4)"
   ]
  },
  {
   "cell_type": "code",
   "execution_count": 120,
   "metadata": {},
   "outputs": [
    {
     "data": {
      "text/plain": [
       "[[233.0, 279.0], [459.0, 279.0], [233.0, 306.0], [459.0, 306.0]]"
      ]
     },
     "execution_count": 120,
     "metadata": {},
     "output_type": "execute_result"
    }
   ],
   "source": [
    "receipt.get_coordinates()"
   ]
  },
  {
   "cell_type": "code",
   "execution_count": 121,
   "metadata": {},
   "outputs": [],
   "source": [
    "\n",
    "receipt.draw_bounding_box()"
   ]
  },
  {
   "cell_type": "code",
   "execution_count": 122,
   "metadata": {},
   "outputs": [
    {
     "name": "stdout",
     "output_type": "stream",
     "text": [
      "[[198.0, 131.0], [483.0, 131.0], [198.0, 178.0], [483.0, 178.0]] Sarang Hae Yo\n",
      "[[184.0, 182.0], [500.0, 182.0], [184.0, 211.0], [500.0, 211.0]] TRENDYMAX (M) SON. BHD.\n",
      "[[160.0, 211.0], [529.0, 211.0], [160.0, 246.0], [529.0, 246.0]] Company Reg. No. : (583246•A).\n",
      "[[104.0, 244.0], [586.0, 244.0], [104.0, 279.0], [586.0, 279.0]] PS, Block C, GM Klang Wholesale City,\n",
      "[[233.0, 279.0], [459.0, 279.0], [233.0, 306.0], [459.0, 306.0]] Jalan Kasuarina 1,\n",
      "[[172.0, 312.0], [521.0, 312.0], [172.0, 343.0], [521.0, 343.0]] 41200 Klang, Selangor D.E.\n",
      "[[158.0, 348.0], [525.0, 348.0], [158.0, 384.0], [525.0, 384.0]] Whatsapp : +6012-5060668\n",
      "[[157.0, 392.0], [517.0, 392.0], [157.0, 426.0], [517.0, 426.0]] www.saranghaeyo.com\n",
      "[[196.0, 436.0], [500.0, 436.0], [196.0, 470.0], [500.0, 470.0]] GST Reg : 000384098304\n",
      "[[255.0, 513.0], [444.0, 513.0], [255.0, 538.0], [444.0, 538.0]] TAX INVOICE\n",
      "[[33.0, 559.0], [253.0, 559.0], [33.0, 582.0], [253.0, 582.0]] CB#: GM3-46792\n",
      "[[33.0, 602.0], [360.0, 602.0], [33.0, 630.0], [360.0, 630.0]] Cashier: WOOI- erah @ C6\n",
      "[[34.0, 645.0], [138.0, 645.0], [34.0, 667.0], [138.0, 667.0]] Remarks:\n",
      "[[382.0, 560.0], [649.0, 560.0], [382.0, 589.0], [649.0, 589.0]] 15/01/2018 1:48:36 PM\n",
      "[[35.0, 709.0], [73.0, 709.0], [35.0, 736.0], [73.0, 736.0]] Qty\n",
      "[[94.0, 772.0], [106.0, 772.0], [94.0, 792.0], [106.0, 792.0]] 1\n",
      "[[76.0, 883.0], [104.0, 883.0], [76.0, 903.0], [104.0, 903.0]] 10\n",
      "[[77.0, 1028.0], [101.0, 1028.0], [77.0, 1049.0], [101.0, 1049.0]] 12\n",
      "[[93.0, 1193.0], [105.0, 1193.0], [93.0, 1212.0], [105.0, 1212.0]] 1\n",
      "[[134.0, 708.0], [263.0, 708.0], [134.0, 737.0], [263.0, 737.0]] Description\n",
      "[[315.0, 709.0], [371.0, 709.0], [315.0, 731.0], [371.0, 731.0]] price\n",
      "[[144.0, 771.0], [177.0, 771.0], [144.0, 792.0], [177.0, 792.0]] MS\n",
      "[[144.0, 803.0], [246.0, 803.0], [144.0, 824.0], [246.0, 824.0]] LOYALTY\n",
      "[[144.0, 835.0], [249.0, 835.0], [144.0, 856.0], [249.0, 856.0]] PACKAGE\n",
      "[[144.0, 880.0], [226.0, 880.0], [144.0, 902.0], [226.0, 902.0]] IB.RDM\n",
      "[[143.0, 912.0], [296.0, 912.0], [143.0, 935.0], [296.0, 935.0]] IRON BASKET\n",
      "[[142.0, 945.0], [256.0, 945.0], [142.0, 968.0], [256.0, 968.0]] ROUND 27\n",
      "[[141.0, 1024.0], [248.0, 1024.0], [141.0, 1049.0], [248.0, 1049.0]] AOR5058\n",
      "[[141.0, 1057.0], [275.0, 1057.0], [141.0, 1083.0], [275.0, 1083.0]] 50MM PULL\n",
      "[[142.0, 1090.0], [235.0, 1090.0], [142.0, 1113.0], [235.0, 1113.0]] FLOWER\n",
      "[[142.0, 1123.0], [229.0, 1123.0], [142.0, 1146.0], [229.0, 1146.0]] RIBBON\n",
      "[[143.0, 1188.0], [232.0, 1188.0], [143.0, 1213.0], [232.0, 1213.0]] QC2018\n",
      "[[144.0, 1220.0], [219.0, 1220.0], [144.0, 1243.0], [219.0, 1243.0]] HORSE\n",
      "[[144.0, 1251.0], [264.0, 1251.0], [144.0, 1276.0], [264.0, 1276.0]] CALENDAR\n",
      "[[144.0, 1286.0], [202.0, 1286.0], [144.0, 1309.0], [202.0, 1309.0]] 2018\n",
      "[[310.0, 772.0], [376.0, 772.0], [310.0, 794.0], [376.0, 794.0]] 15.00\n",
      "[[306.0, 879.0], [374.0, 879.0], [306.0, 902.0], [374.0, 902.0]] 28.90\n",
      "[[317.0, 1024.0], [372.0, 1024.0], [317.0, 1047.0], [372.0, 1047.0]] 5.00\n",
      "[[318.0, 1185.0], [373.0, 1185.0], [318.0, 1206.0], [373.0, 1206.0]] 0.00\n",
      "[[273.0, 1348.0], [287.0, 1348.0], [273.0, 1371.0], [287.0, 1371.0]] 4\n",
      "[[85.0, 1350.0], [227.0, 1350.0], [85.0, 1381.0], [227.0, 1381.0]] 24 Type:\n",
      "[[48.0, 1422.0], [200.0, 1422.0], [48.0, 1459.0], [200.0, 1459.0]] Rounding Ad)\n",
      "[[48.0, 1462.0], [284.0, 1462.0], [48.0, 1492.0], [284.0, 1492.0]] Total Inclusive GST:\n",
      "[[48.0, 1519.0], [106.0, 1519.0], [48.0, 1540.0], [106.0, 1540.0]] VISA\n",
      "[[50.0, 1587.0], [231.0, 1587.0], [50.0, 1612.0], [231.0, 1612.0]] GST Summary\n",
      "[[49.0, 1628.0], [106.0, 1628.0], [49.0, 1650.0], [106.0, 1650.0]] Code\n",
      "[[49.0, 1684.0], [78.0, 1684.0], [49.0, 1705.0], [78.0, 1705.0]] SR\n",
      "[[45.0, 1724.0], [102.0, 1724.0], [45.0, 1746.0], [102.0, 1746.0]] Total\n",
      "[[139.0, 1683.0], [176.0, 1683.0], [139.0, 1703.0], [176.0, 1703.0]] 6%\n",
      "[[263.0, 1624.0], [352.0, 1624.0], [263.0, 1647.0], [352.0, 1647.0]] Net Amt\n",
      "[[273.0, 1679.0], [351.0, 1679.0], [273.0, 1702.0], [351.0, 1702.0]] 310.47\n",
      "[[273.0, 1720.0], [351.0, 1720.0], [273.0, 1743.0], [351.0, 1743.0]] 310.47\n",
      "[[435.0, 710.0], [480.0, 710.0], [435.0, 732.0], [480.0, 732.0]] Disc\n",
      "[[426.0, 772.0], [482.0, 772.0], [426.0, 792.0], [482.0, 792.0]] 0.00\n",
      "[[413.0, 879.0], [488.0, 879.0], [413.0, 902.0], [488.0, 902.0]] -28.90\n",
      "[[415.0, 1022.0], [478.0, 1022.0], [415.0, 1043.0], [478.0, 1043.0]] -6.00\n",
      "[[422.0, 1183.0], [478.0, 1183.0], [422.0, 1203.0], [478.0, 1203.0]] 0.00\n",
      "[[491.0, 1337.0], [549.0, 1337.0], [491.0, 1361.0], [549.0, 1361.0]] Total\n",
      "[[448.0, 1619.0], [492.0, 1619.0], [448.0, 1641.0], [492.0, 1641.0]] GST\n",
      "[[426.0, 1674.0], [490.0, 1674.0], [426.0, 1696.0], [490.0, 1696.0]] 18.63\n",
      "[[426.0, 1715.0], [489.0, 1715.0], [426.0, 1737.0], [489.0, 1737.0]] 18.63\n",
      "[[565.0, 711.0], [619.0, 711.0], [565.0, 733.0], [619.0, 733.0]] Total\n",
      "[[576.0, 771.0], [673.0, 771.0], [576.0, 794.0], [673.0, 794.0]] 15.00 SR\n",
      "[[556.0, 878.0], [669.0, 878.0], [556.0, 899.0], [669.0, 899.0]] 260.10 SR\n",
      "[[565.0, 1018.0], [666.0, 1018.0], [565.0, 1043.0], [666.0, 1043.0]] 54.00 SR\n",
      "[[581.0, 1177.0], [667.0, 1177.0], [581.0, 1200.0], [667.0, 1200.0]] 0.00 SR\n",
      "[[606.0, 1336.0], [683.0, 1336.0], [606.0, 1360.0], [683.0, 1360.0]] 329.10\n",
      "[[595.0, 1409.0], [649.0, 1409.0], [595.0, 1430.0], [649.0, 1430.0]] 0.00\n",
      "[[569.0, 1450.0], [649.0, 1450.0], [569.0, 1475.0], [649.0, 1475.0]] 329.10\n",
      "[[570.0, 1501.0], [650.0, 1501.0], [570.0, 1525.0], [650.0, 1525.0]] 329.10\n",
      "[[597.0, 1611.0], [653.0, 1611.0], [597.0, 1635.0], [653.0, 1635.0]] Total\n",
      "[[576.0, 1669.0], [655.0, 1669.0], [576.0, 1693.0], [655.0, 1693.0]] 329.10\n",
      "[[574.0, 1710.0], [654.0, 1710.0], [574.0, 1734.0], [654.0, 1734.0]] 329.10\n",
      "[[40.0, 1790.0], [312.0, 1790.0], [40.0, 1816.0], [312.0, 1816.0]] RINEE AMELIA ZAKARIA\n",
      "[[39.0, 1823.0], [154.0, 1823.0], [39.0, 1846.0], [154.0, 1846.0]] SHY32516\n",
      "[[41.0, 1855.0], [176.0, 1855.0], [41.0, 1882.0], [176.0, 1882.0]] Points : 310\n",
      "[[99.0, 1898.0], [594.0, 1898.0], [99.0, 1943.0], [594.0, 1943.0]] Thank you I Please come again I\n",
      "[[47.0, 1938.0], [656.0, 1938.0], [47.0, 1972.0], [656.0, 1972.0]] Goods sold are not returnable for refund or exchange!!\n"
     ]
    }
   ],
   "source": [
    "#Get coordinates and string value\n",
    "text_values = receipt.get_parsed_text().split('\\r\\n')\n",
    "try:\n",
    "    for i,values in enumerate(text_values):\n",
    "        receipt.set_words(i)\n",
    "        print(receipt.get_coordinates(),receipt.get_line(i))\n",
    "        receipt.draw_bounding_box()\n",
    "except:\n",
    "    None\n"
   ]
  },
  {
   "cell_type": "code",
   "execution_count": 124,
   "metadata": {},
   "outputs": [],
   "source": [
    "receipt.set_words(70)\n",
    "receipt.draw_bounding_box()"
   ]
  },
  {
   "cell_type": "code",
   "execution_count": null,
   "metadata": {},
   "outputs": [],
   "source": []
  }
 ],
 "metadata": {
  "kernelspec": {
   "display_name": "Python 3.9.1 64-bit",
   "language": "python",
   "name": "python3"
  },
  "language_info": {
   "codemirror_mode": {
    "name": "ipython",
    "version": 3
   },
   "file_extension": ".py",
   "mimetype": "text/x-python",
   "name": "python",
   "nbconvert_exporter": "python",
   "pygments_lexer": "ipython3",
   "version": "3.9.1"
  },
  "orig_nbformat": 4,
  "vscode": {
   "interpreter": {
    "hash": "763ed048eee99013f34386baf0f5a49432271e7857dc82c09a3672143128f006"
   }
  }
 },
 "nbformat": 4,
 "nbformat_minor": 2
}
